tensor([[210.4242, 379.5571,  94.1481, 132.5049]]) obstacle
tensor([[301.0182, 238.3482,  71.4873, 116.6005]]) obstacle
tensor([[390.6395, 369.8573,  84.2902, 123.8661]]) obstacle
tensor([[279.5796, 432.5600,  49.0090,  91.0701]]) finish
tensor([[353.3642, 275.1151,  76.0359, 117.5966]]) obstacle
tensor([[412.2076, 172.2550,  79.9426,  95.0810]]) robot
tensor([[254.8646, 302.5594,  82.4636, 123.1586]]) obstacle
tensor([[413.9838, 291.6133,  66.4070,  92.6937]]) obstacle
1 0.328788 0.593058 0.147106 0.207039
1 0.470341 0.372419 0.111699 0.182188
1 0.610374 0.577902 0.131703 0.193541
0 0.436843 0.675875 0.0765766 0.142297
1 0.552132 0.429867 0.118806 0.183745
2 0.644074 0.269148 0.12491 0.148564
1 0.398226 0.472749 0.128849 0.192435
1 0.64685 0.455646 0.103761 0.144834
