1 0.328788 0.593058 0.147106 0.207039
1 0.470341 0.372419 0.111699 0.182188
1 0.610374 0.577902 0.131703 0.193541
0 0.436843 0.675875 0.0765766 0.142297
1 0.552132 0.429867 0.118806 0.183745
2 0.644074 0.269148 0.12491 0.148564
1 0.398226 0.472749 0.128849 0.192435
1 0.64685 0.455646 0.103761 0.144834
1 0.328788 0.593058 0.147106 0.207039
1 0.470341 0.372419 0.111699 0.182188
1 0.610374 0.577902 0.131703 0.193541
0 0.436843 0.675875 0.0765766 0.142297
1 0.552132 0.429867 0.118806 0.183745
2 0.644074 0.269148 0.12491 0.148564
1 0.398226 0.472749 0.128849 0.192435
1 0.64685 0.455646 0.103761 0.144834
